24 169 1111 10 1840
118 116 1010 210 2890
182 162 1001 900 2000
178 185 1000 350 1950
146 105 1101 0 2300
139 80 1011 10 1840
105 164 1100 2765.55 1234.45
101 73 1000 200 2100
74 9 1001 1410 1490
182 97 1110 0 1000
90 56 1111 560 1290
46 143 1101 199.5 2100.5
159 51 1110 30 970
81 110 1000 410 1890
113 89 1011 449.6 1250.4
9 165 1101 400 1900
10 33 1001 900 2000
196 31 1100 1104.5 2895.5
82 134 1110 700 1000
107 17 1111 0 1850
5 160 1010 1861 1239
181 186 1111 560 1290
43 68 1010 0 3100
75 22 1001 100 2800
